Defect         E_total      potal    band_filling     image          A          B
---------  -----------  ---------  --------------  --------  ---------  ---------
v_Sb,1-3   -329.566822   0.690035       -0.000000  0.152614   3.497638   2.750138
v_Sb,1-2   -333.688410   0.513492       -0.000000  0.067828   3.428722   2.681222
v_Sb,1-1   -337.750112   0.264725       -0.000000  0.016957   3.381381   2.633881
v_Sb,1+0   -341.962402  -0.000000       -0.000000  0.000000   3.201409   2.453909
v_Sb,2-3   -329.417664   0.733588       -0.000000  0.152614   3.690350   2.942850
v_Sb,2-2   -333.557109   0.502474       -0.000000  0.067828   3.549004   2.801504
v_Sb,2-1   -337.681829   0.268419       -0.000000  0.016957   3.453359   2.705859
v_Sb,2+0   -341.751618  -0.000000       -0.000000  0.000000   3.412193   2.664693
v_Se,1+0   -343.047620  -0.000000       -0.000001  0.000000   1.389690   1.887990
v_Se,1+1   -347.883419  -0.121025       -0.000001  0.016957   0.763823   1.262123
v_Se,1+2   -352.355716  -0.225656       -0.000000  0.067828   0.551768   1.050068
v_Se,2+0   -343.041048  -0.000000       -0.000001  0.000000   1.396262   1.894562
v_Se,2+1   -348.040717  -0.112978       -0.000001  0.016957   0.614573   1.112873
v_Se,2+2   -353.260621  -0.184843       -0.000000  0.067828  -0.312323   0.185977
v_Se,3+0   -343.142220  -0.000000       -0.000007  0.000000   1.295084   1.793384
v_Se,3+1   -347.890460  -0.119957       -0.000000  0.016957   0.757851   1.256151
v_Se,3+2   -352.544651  -0.234839       -0.000000  0.067828   0.353650   0.851950
Sb_Se,1-1  -344.045582  -0.078638       -0.000000  0.016957   1.422949   2.668749
Sb_Se,1+0  -348.685004   0.000000       -0.000000  0.000000   1.159207   2.405007
Sb_Se,1+1  -353.796706   0.056807       -0.000000  0.016957   0.435270   1.681070
Sb_Se,1+2  -358.460227   0.192349       -0.000000  0.067828   0.272162   1.517962
Sb_Se,1+3  -363.570833   0.293273       -0.000000  0.152614  -0.338734   0.907066
Sb_Se,2-1  -343.973409  -0.082696       -0.000005  0.016957   1.491059   2.736859
Sb_Se,2+0  -349.241621   0.000000       -0.000000  0.000000   0.602590   1.848390
Sb_Se,2+1  -354.130430   0.106554       -0.000000  0.016957   0.151292   1.397092
Sb_Se,2+2  -358.552283   0.183935       -0.000000  0.067828   0.171691   1.417491
Sb_Se,2+3  -363.346993   0.330750       -0.000000  0.152614  -0.077417   1.168383
Sb_Se,3-1  -343.961638  -0.085606       -0.000000  0.016957   1.499925   2.745725
Sb_Se,3+0  -348.714612   0.000000       -0.000000  0.000000   1.129599   2.375399
Sb_Se,3+1  -353.299677   0.082916       -0.000000  0.016957   0.958408   2.204208
Sb_Se,3+2  -358.026963   0.156382       -0.000000  0.067828   0.669459   1.915259
Sb_Se,3+3  -363.298139   0.198253       -0.000000  0.152614  -0.161061   1.084739
Sb_i,1-3   -336.623863  -0.673363       -0.000213  0.152614   5.890787   6.638287
Sb_i,1-2   -342.236504  -0.440159       -0.142406  0.067828   4.598371   5.345871
Sb_i,1-1   -348.179735  -0.212025       -0.000007  0.016957   3.288802   4.036302
Sb_i,1+0   -353.703845   0.000000       -0.097800  0.000000   2.175967   2.923467
Sb_i,1+1   -359.592638   0.213463       -0.000020  0.016957   0.929373   1.676873
Sb_i,1+2   -364.843070   0.450524       -0.000035  0.067828   0.280859   1.028359
Sb_i,1+3   -370.284744   0.589411       -0.000000  0.152614  -0.623108   0.124392
Sb_i,1+4   -374.700854   0.734274       -0.000000  0.271314  -0.461655   0.285845
Sb_i,1+5   -379.110928   0.796466       -0.000000  0.423928  -0.342923   0.404577
Se_Sb,1-1  -344.278691   0.100824       -0.000000  0.016957   2.822301   1.576501
Se_Sb,1+0  -348.968528  -0.000000       -0.000001  0.000000   2.328682   1.082882
Se_Sb,1+1  -354.012501  -0.086073       -0.000000  0.016957   1.529594   0.283794
Se_Sb,1+2  -358.121459  -0.225912       -0.000000  0.067828   1.645668   0.399868
Se_Sb,1+3  -362.205739  -0.412343       -0.000000  0.152614   1.773743   0.527943
Se_Sb,2-1  -344.163037   0.117135       -0.000013  0.016957   2.954253   1.708453
Se_Sb,2+0  -349.018946  -0.000000       -0.000000  0.000000   2.278265   1.032465
Se_Sb,2+1  -354.014963  -0.053226       -0.000000  0.016957   1.559979   0.314179
Se_Sb,2+2  -358.148882  -0.202234       -0.000000  0.067828   1.641924   0.396124
Se_Sb,2+3  -362.255124  -0.399691       -0.000000  0.152614   1.737011   0.491211
Se_i,1-2   -343.741468  -0.211223       -0.000017  0.067828   4.191231   3.692931
Se_i,1-1   -349.150613  -0.132022       -0.139566  0.016957   2.984868   2.486568
Se_i,1+0   -355.022559   0.000000       -0.000000  0.000000   1.681552   1.183252
Se_i,1+1   -359.664212   0.132185       -0.000000  0.016957   1.503041   1.004741
Se_i,1+2   -364.822866   0.242118       -0.000000  0.067828   0.819192   0.320892
Se_i,1+3   -369.575140   0.323079       -0.000000  0.152614   0.546664   0.048364
Se_i,1+4   -374.364720   0.380732       -0.000000  0.271314   0.247438  -0.250862
